0, 5666.233180566142 2285.005247102246
1, 2534.958622434135 2472.0089353045046
2, 8535.5987081135 3037.394436770546
3, 1696.388735736829 1802.0688127252424
4, 4329.205192020983 5969.472311279434
5, 6648.909222449625 3141.7279233740455
6, 2786.4402709778606 2709.763535291714
7, 2943.5349112108083 3370.163473717588
8, 4382.539299758887 1693.078143729793
9, 2825.107127946577 5942.646472029465
10, 2894.8528736113353 4904.4543506188975
11, 6174.125484322964 2348.9515668937834
12, 2535.416661085683 1451.485909965855
