0, 2864.8672909540924 3327.175382958764
1, 7186.917019903266 2670.60503865134
2, 2419.098432811643 1736.9359048507304
3, 2988.3017891443833 287.19958396110576
4, 5098.883726800677 5692.6552654450015
5, 3673.206744460948 3421.569903350949
6, 5081.461136428198 255.01934247255616
7, 4760.2713050521315 3961.128459599691
8, 4685.78804994475 7466.727579484003
9, 5991.087564744281 1560.9425708164586
10, 4040.9915049528217 1542.604219981532
11, 2431.29993379238 1051.0816114555507
12, 1845.4858992737893 1904.5941846765131
13, 4297.858826223372 5739.458378049665
