0, 8803.610921348984 3668.241490898957
1, 2388.5739307738027 2550.9646738049464
2, 8388.179727335524 5572.173340968669
3, 6314.53633647835 3681.5211559725453
4, 506.68348891660827 1423.8693212695005
5, 3137.339171487715 4264.197268744238
6, 6576.008280454499 2185.5143632174636
7, 154.82925471913023 2709.419359476126
8, 3768.9466908392337 5872.786670719688
9, 2098.9498080614944 4001.4507342152074
10, 7163.732693100594 2770.605774845923
11, 497.4977261838424 2811.0080344452194
12, 4878.952875240758 2336.207047024911
13, 3281.9723368390178 1839.259926035114
14, 1120.3793444390121 1555.157440531088
