0, 1463.4759409934175 6667.0785421588525
1, 3271.052808375153 1909.6253521125293
2, 1061.0682234490525 8246.963070191447
3, 3407.3838934747428 5195.505178359402
4, 5343.242389525402 684.1125342942205
5, 4104.686088734418 1435.2595835199022
6, 1772.3749225698905 5446.742062955888
7, 1658.9067042155891 727.5108050032438
8, 2258.455633407234 1894.3707660196005
9, 6637.483652903277 878.218397059965
10, 4270.8979071800895 857.3031728931521
11, 4290.562688594879 3053.987955848626
12, 4847.795803432812 5658.469090564412
13, 2884.1958861167286 4244.335900284591
14, 1578.856459559564 8576.50242272904
15, 6568.351395469207 922.2468572854873
