0, 3312.4399069120877 3371.7219275596512
1, 3520.8868705491104 7643.649877065504
2, 895.8737346058634 5041.184842880105
3, 2686.390523380123 6888.739564383969
4, 5612.991599759955 9451.679006774622
5, 4605.9304068015845 244.17945719739396
6, 4042.214250703159 7007.562759995577
7, 637.7702627959329 4297.507774693803
8, 4661.9186202978 6100.273275984288
9, 1603.6695658798271 1866.7654557215176
10, 4666.397462415415 8867.16228626952
11, 3808.3521263070434 1891.5198002023155
12, 1058.7832793688194 378.5635013014292
13, 7194.94621769189 9789.730753613472
14, 2964.360800328288 7656.990998315191
15, 2042.82917954828 3528.66292668719
16, 2697.322327174411 5059.150251256605
