0, 955.1137986995491 794.0125394013448
1, 1219.0078814508342 6966.434484413083
2, 5716.684195221457 5543.887497415401
3, 3944.4719883751336 5874.0455385023215
4, 1428.5181363823706 7257.205423784005
5, 305.0487529397446 1263.1659561791696
6, 3351.5497707314357 1433.1174316900701
7, 505.0732749358482 486.58733533904564
8, 4207.670201468044 4606.683255233028
9, 1530.3129483104324 4099.599896877374
10, 274.5087910480608 6656.26557364133
11, 1989.817558768608 1122.8082427097543
12, 253.24934144110208 3842.9079173551086
13, 3064.396729727986 3432.8078363006325
14, 2080.4429386694705 6509.586195238963
15, 4629.827182279875 3391.2521482274383
16, 4335.460213076301 2286.712884661502
17, 3555.656648825127 7364.722658382224
