0, 6116.515843904323 3758.813606073015
1, 4267.87164551444 6181.09259078177
2, 2311.6173027005607 3141.4088480006617
3, 3690.3926090484492 4197.910944085145
4, 8616.14641372425 6386.138590978963
5, 2773.3928129742276 2770.380491989295
6, 5363.9619666546505 4547.088262168164
7, 7345.654488208687 6757.8596339879
8, 36.33615376679079 3114.268864148117
9, 2121.975125989573 4478.6234101329355
10, 1315.9646242695922 2937.608735512801
11, 8636.228430708023 5119.752722910355
12, 1927.327319113673 3840.239259985914
13, 4793.350167034906 1015.5876371448788
14, 4852.205076747086 6402.691078209638
15, 7514.426397993696 1068.4694757800846
16, 6043.147547353839 4913.030919668416
17, 7292.908510150249 4727.1135325571195
18, 6458.236579862669 2112.693508920864
