0, 4334.8717400619435 3821.1761567569997
1, 6372.140838204188 1779.5300101728126
2, 3229.567040636475 4825.892160562707
3, 4555.08095703553 1762.5251466322138
4, 2660.5414610723187 2249.1982522403323
5, 3889.553532054867 3273.5522915000656
6, 1369.5324071797893 937.6618068628941
7, 1582.1654784664502 6460.827803542881
8, 6845.518490220306 6673.674033460775
9, 4354.309053623534 3125.6416983991417
10, 8746.578225142623 6623.35147766484
11, 1236.5412074157862 328.71362982018223
12, 5264.590677995452 5470.672247415947
13, 5356.234352976959 6963.7469433210745
14, 2917.617815200466 4653.792797942498
15, 4492.220488524429 932.988347403764
16, 5906.952386576421 5051.551078820329
17, 5945.364077908077 556.6647607679832
18, 4946.2642364147205 8655.127824002651
19, 2520.257861555776 6051.667131153094
