0, 1215.518871174923 2448.5155416991615
1, 5618.533953450464 9055.570135025497
2, 4970.380553501302 4548.559248434047
3, 4561.630688323357 6741.327619752569
4, 5836.1012814263195 7996.804549434767
5, 2650.1940135733607 2606.9736983492494
6, 4799.552739138381 995.474017638
7, 1599.2353232498447 5094.350764358932
8, 3482.228252873598 7250.001022900951
9, 1808.9702825962313 3996.0069084821353
10, 6596.488729288983 7770.735339564139
11, 4634.339748028194 5484.264312999024
12, 2484.238809473469 1013.8442171568612
13, 4866.047689927981 3016.4871223291234
14, 4033.6742168684677 1439.535785859753
15, 1050.2214439764948 1738.6286957426146
16, 3096.754403030536 2419.2075825960314
17, 2300.6019325574593 5090.150625570841
18, 5528.97525840739 1733.6301514103861
19, 3377.9719014505945 3744.2114991512744
20, 2024.1359015636224 6023.178368423514
