0, 215.69083382568118 5778.2082533691
1, 7527.530122657239 5775.838604593571
2, 2600.483028887957 6549.842792188097
3, 5065.513536464505 2394.8787894792144
4, 1406.3728481169194 1413.5674778198065
5, 3651.7870187818667 3778.36303538739
6, 2688.596076062252 91.31875851460987
7, 338.8661665920573 3469.971778695758
8, 7208.96145708824 1642.0271960552448
9, 5309.839054994732 1297.9209622917856
10, 1642.7572851647544 6487.408348655648
11, 2444.030936297952 4736.3133985060085
12, 7010.195230538587 6825.498640668445
13, 3427.6821699439033 3730.108705156238
14, 8716.920393375542 2074.527020714459
15, 3711.92041413549 251.53194221791415
16, 5399.140185973606 2921.562087062121
17, 2482.146550284045 4302.124113889157
18, 5283.547168345523 3370.5493152965687
19, 1025.6108660077798 4332.584364712202
20, 5881.006666783779 4718.803386367442
21, 2878.135548162094 4697.211034389613
