0, 8230.00132500605 2235.4884684918784
1, 5484.17807026526 6536.064531482272
2, 8108.53132361017 8045.721269262523
3, 6413.563232118974 68.99223364436085
4, 6073.058675562951 2706.94172449461
5, 5020.235258949868 4459.496803615426
6, 4510.779910203883 6240.54051289056
7, 8430.394254401152 5234.271512332407
8, 4206.066751151468 2097.7370993461495
9, 2902.018744721396 5185.981924075578
10, 7104.46110309463 7374.402885282058
11, 7731.203904596581 3735.8440930219067
12, 9389.84853385692 3094.804908857408
13, 6096.377319581167 2396.162948161464
14, 8436.866064127871 6453.101630997899
15, 5344.4537770508805 1395.2057364413745
16, 2412.493344001002 6835.0679080250575
17, 2424.4776483553233 394.9917490320986
18, 6055.219658572689 1562.4382499954481
19, 3622.025169748594 6402.187797409855
20, 4092.1145309054746 1326.3688212585125
21, 4605.584611458119 1610.3684146207813
22, 3615.5881754930333 2944.1176904351814
