0, 7207.8004963376825 3803.0955498674143
1, 3101.3867490212215 7619.837992347443
2, 4971.7415958206475 458.7655144305233
3, 3408.7442633146225 7974.578553706162
4, 4641.17054438641 3919.313194850593
5, 1403.0963129179484 6034.648171800339
6, 4044.7375669416615 4483.331696961659
7, 205.15724185818425 5794.549055193488
8, 2039.6358287051683 3321.9114955756077
9, 1343.1938881414187 7439.129322473856
10, 9358.875427550618 3289.0927183325994
11, 2209.3638026508975 1652.9199811418544
12, 3459.800729151729 1264.0677545127398
13, 8811.895097463084 5811.138124784794
14, 1876.8002225474502 2004.1082650348765
15, 5439.012564335128 2901.2807485391236
16, 1232.8050408937072 4099.652368183016
17, 8233.64647782273 3490.6225056434923
18, 3670.0923983227085 3659.9552693205333
19, 6490.37156562249 3537.007139177183
20, 3091.145285742045 8847.308243078598
21, 8514.616465923436 3009.6759867525834
22, 9430.93092675278 1788.1264995266163
23, 9204.681162278088 4481.905176875091
