0, 4262.825678197965 7182.684248670815
1, 3961.204600343835 1350.8200198721138
2, 4648.986802345878 3800.7042061521606
3, 4350.583856254936 6177.806085481755
4, 60.8338249920007 1045.270970207864
5, 5710.40550160901 3111.2418614272633
6, 2409.3558693760533 5353.965419492323
7, 5125.833415160951 4701.394058662215
8, 7319.874396396688 4405.688916282531
9, 7319.591146696808 4275.098370666344
10, 3014.3245307172847 2420.5662836727965
11, 3246.8900290025013 4350.43250755459
12, 4553.610349682793 736.0217308770369
13, 227.6652240406673 7768.006739515095
14, 4648.413685959039 2279.567823229963
15, 5079.983191176278 2648.53671751085
16, 5053.345906645939 8579.412842251993
17, 6832.838511691724 1928.8717537770024
18, 1547.4728177122292 6396.978306644874
19, 4090.522081575537 1884.3046837406093
20, 3378.1275485568035 6858.783402031877
21, 3336.446797867999 2663.451502264816
22, 4020.145234255357 5246.275608764511
23, 7274.707303633997 5331.617920605261
24, 1796.905619693439 1522.981849685257
