0, 1847.7051928027665 3616.601561453074
1, 2507.464657086394 3563.4249240572067
2, 5323.55841824706 4699.838777181225
3, 1334.1424538207293 6313.4173013525615
4, 6073.029491863393 4682.712001667071
5, 3069.5033752094123 2136.2285405997286
6, 463.05770772271006 855.1279562862344
7, 5704.597063051838 571.6019738957538
8, 2815.1829546873823 6601.004943904042
9, 2956.134885272207 8493.68824868844
10, 1135.9351326069793 559.0997791618051
11, 4660.586350668147 3247.1449832033527
12, 5225.189445567367 4889.001029032593
13, 3192.4508906137617 4622.054762092366
14, 6637.006021683575 1983.2459894814963
15, 747.9131146829159 3039.600865281961
16, 1764.7505071741214 2375.198399007391
17, 1679.5423874434807 4703.185905708816
18, 2823.1474122715654 6819.3926222831105
19, 6625.73355943247 3734.9252777644515
20, 793.8299087447207 2728.551660684696
21, 2046.9705603500356 5201.596176494915
22, 3833.6257327958074 2904.9334163118524
23, 7397.714289729634 1486.068429538771
24, 1959.6062659414747 1857.056306934773
25, 5746.695990530128 4063.9882008500495
