0, 1715.6103040142666 3534.0800876120634
1, 1824.4986996117962 7401.847394642919
2, 6061.063983058481 1278.8920993455993
3, 5820.6559901300925 4466.40169795154
4, 4570.491064872886 1751.3176453684146
5, 5351.4766261668055 5527.743734931057
6, 1967.9932176195484 7961.6866699697075
7, 5234.828482551731 2806.6790846505073
8, 4336.909384237565 8920.066254722064
9, 655.03016254524 6226.757986904772
10, 2761.621543543529 2323.853272293692
11, 245.11872169566743 7977.146786777698
12, 3923.339644963921 7331.5869328050685
13, 3294.1266351145628 3841.8824961002038
14, 33.53354694494674 5958.758707750663
15, 1077.117114220057 1625.933262451337
16, 298.66617160363825 6275.034438162536
17, 3198.6023532785866 7658.973157216996
18, 5943.811188961582 998.5091945880607
19, 2996.658749854321 541.4700013887731
20, 5437.130286446112 3734.0162645560254
21, 711.8720845294603 2466.6930345434853
22, 6548.542125435854 4607.825326714816
23, 1194.4132854390514 7394.082212399275
24, 5913.653420406834 4966.138344843894
25, 3780.3382375549845 6195.943145016948
26, 2325.5780659439224 1044.960550574553
