0, 3592.327860046818 4359.739707258489
1, 1378.1062671831767 5705.324711379389
2, 6524.144125222998 7697.053402109568
3, 3033.450340885185 9037.147476176291
4, 7159.779469008843 2613.196960907657
5, 3394.1916366042537 4382.4944186245875
6, 8180.674127385466 7804.886393024049
7, 5599.091224056487 6082.540846858512
8, 7135.145492559246 766.627874332573
9, 6278.488422808578 5399.097544962317
10, 662.4984436535464 2650.1599572419314
11, 5526.0241817065025 1042.7507061208767
12, 2292.0300201006153 6274.780054217031
13, 6478.72365464901 164.02236664868596
14, 5783.900309192581 4137.238266242916
15, 2309.467741888403 2438.836173161386
16, 8094.022475899125 4806.517427026273
17, 4430.171663636108 5302.096358420302
18, 3207.250359447653 6777.222106876905
19, 2440.410307096776 651.8590960476422
20, 4404.982851633937 3887.3122279416566
21, 3640.5519090953417 7997.668683833451
22, 3735.9587276165676 7408.5600150162245
23, 2811.3395272059297 1804.6832710959713
24, 3160.604450953365 2359.734460007312
25, 5820.783443529789 3041.8155646588575
26, 5461.239464041143 7576.338515564943
27, 6250.287693365409 466.4846180504756
