0, 3642.6394817015766 9294.199136716361
1, 4736.7638310332795 1379.9884326909546
2, 1767.9849268213527 3300.6912118419327
3, 6979.342657857855 675.6660007693055
4, 1849.8852401841805 2152.2261306250234
5, 7170.210837827218 6503.708159067483
6, 4748.227057433797 3323.2885636378755
7, 5258.723832978222 4287.977118062753
8, 4654.1609123530325 8561.60287962668
9, 5032.8333494364415 4341.758247954346
10, 8699.246791326337 887.9180936537226
11, 367.6651218099406 6092.942399596629
12, 7036.8384242026 8232.971378127468
13, 2392.490363879874 5555.066650023374
14, 4355.486963661822 2087.9225295463843
15, 3902.866234324861 3276.387926408256
16, 1266.0599772475462 4552.531631618889
17, 3609.1346292385933 5147.349392772124
18, 6325.287743014894 9185.298902639535
19, 977.8848832670766 6574.103199236519
20, 3428.541789014782 2600.688554597381
21, 6806.076601675207 723.9812363825655
22, 635.6841517251423 3211.129124290969
23, 5225.109316543264 363.8304736317256
24, 1088.7631468170816 5996.089832949287
25, 232.0839944448518 7992.968400523308
26, 610.0647660182444 3613.180604598992
27, 2309.09143632289 7350.8465529328205
28, 5962.636420071195 5597.663536842304
