0, 3328.56457650141 9077.293227261653
1, 5346.764094156686 1665.1775217593545
2, 7188.115092172666 971.6766289850111
3, 84.63725881296855 7082.710514708868
4, 7042.794068230407 5285.35484171008
5, 3425.8974836413154 6137.805515503137
6, 3268.946045290292 4555.514112239367
7, 5028.177607857812 5778.83803080541
8, 1092.196747297342 2436.215035364047
9, 3173.9347558091677 1481.8228083376466
10, 3394.8850990680075 2017.4708073275056
11, 2540.370023659668 1839.4344965969892
12, 1170.394041570109 8123.138061633065
13, 7266.43198182769 1903.4970176390525
14, 770.287661575723 5859.120558726897
15, 2901.6183846454937 446.17100247556607
16, 5107.262490820468 5406.991863784004
17, 3139.231146649325 7745.2360611618515
18, 7222.339030882169 2051.8621925790917
19, 1420.017182090862 3221.7070957939627
20, 3528.4366361752845 9335.487983545587
21, 1321.7911741595467 2194.792059698388
22, 7623.7079419471875 585.1421602588368
23, 3253.104827239811 3784.6230165612133
24, 7591.3501994858625 3645.395741926503
25, 2632.8066356603654 5198.123748130872
26, 1664.1162389513431 4687.072903097059
27, 4040.452835714782 4759.084631411042
28, 3607.4926800740477 5341.303218007283
29, 4129.204622165847 6298.72832405385
