0, 2425.534961127988 7638.655146665605
1, 2195.410678238857 2119.8477587052744
2, 696.5769985917013 3555.306858388952
3, 1041.1682317296015 8429.386827256587
4, 3535.9615352289607 8330.049574445464
5, 1165.5312469234505 3754.6344224533427
6, 790.9771594345295 3620.212270745703
7, 2661.9936647598674 4240.03465429479
8, 1007.7066538907629 1526.7763243303848
9, 3751.6774385133454 701.2332115539728
10, 2930.3848710599395 3534.537162803401
11, 7538.2248566193575 1170.1460111463566
12, 1521.568222866835 927.0182089094075
