0, 2833.592866132035 1323.0086401427307
1, 5192.9739542638345 6264.5592112308195
2, 3676.4719510908812 496.5640029229876
3, 1925.8363666756843 424.16914218431623
4, 3743.143254470944 9402.964186639028
5, 6444.208506711719 8957.574965254422
6, 1818.4061702196193 7431.590271438018
7, 5394.953514707057 4299.0628763446875
8, 4321.032803642839 1312.2212802786628
9, 1738.4612138841474 1532.6752907042703
10, 3273.05775979906 3657.0949928861924
11, 1606.7638004475152 2209.2207557233305
12, 2168.0022815575076 7924.72880900506
13, 4013.355366351188 9054.445825980596
