0, 6112.6816416703205 316.84852472298957
1, 4206.461861842786 854.0253859588449
2, 7187.486620058268 6542.909749559736
3, 6554.92054394672 6503.687925372313
4, 5619.678909703906 4962.388607934241
5, 6898.98126241108 2799.210539567173
6, 2180.190766033448 5759.471775929003
7, 2610.1960044607886 3000.6877736046877
8, 6199.224544625846 2542.7850877507994
9, 241.767233850958 3597.7993608597703
10, 2715.917483818326 3874.4224275010106
11, 4490.931066402177 4248.547135455686
12, 4755.054223948649 9316.85956849959
13, 6822.073724436202 7961.006548167047
14, 2430.3972874689516 6028.524781318424
