0, 3198.119444678114 2866.2555045884815
1, 4169.678719913202 4113.247170040764
2, 1723.443349332068 5831.233972176288
3, 4699.172380536804 4559.333751513725
4, 799.553343000717 1508.5024827802201
5, 6984.756257130903 1660.794901936631
6, 3269.293888766014 3614.374818932633
7, 1093.713018954471 7785.813587066734
8, 3297.104123598404 621.8640138506195
9, 2693.315058855736 9293.97685633534
10, 3117.161679252377 6192.732298128235
11, 2291.019715531063 460.6432801605004
12, 6178.6606130024875 2800.328489561109
13, 7759.900440912778 3227.2741313573906
14, 2044.4625301525418 548.8239856458572
15, 6140.522444853695 2652.853228964403
