0, 5161.278576500179 6462.722060955831
1, 8355.010203006323 5517.304083467223
2, 4221.30803529662 2040.960484815726
3, 6841.7320303792085 3804.7268969903334
4, 248.15790887848715 9519.05073084099
5, 192.87711482799855 746.623900044474
6, 3744.6638984956817 2860.4312593997774
7, 4506.423724640606 8980.484975803081
8, 5280.181700327337 2734.8733456128966
9, 7935.418718460015 4517.789335091863
10, 4747.409336144545 6464.77824853818
11, 9417.160444864137 1933.8569075910125
12, 9918.445874038836 6137.59492336529
13, 2716.33877613575 4739.980066755787
14, 3994.712792572164 2760.429950394889
15, 4248.1320247720405 4960.526156426628
16, 6656.7690815965325 7932.999237787484
