0, 8878.333153324593 5721.569100756294
1, 3874.0888303203296 4113.128519890719
2, 7693.426691019517 7999.869457713061
3, 7938.597036215332 992.9958566373112
4, 7429.478552017521 1798.2057000891741
5, 2328.4401996352726 1284.6666940650175
6, 7900.986267561576 7682.90259722544
7, 4454.139485886236 3283.665920452309
8, 4947.440186846255 4348.894484341604
9, 6204.66541026028 701.9962609155809
10, 325.72606698466416 3006.474878398194
11, 7746.286862733115 6919.155768918392
12, 4034.4650257711437 3339.8047993499977
13, 6383.264365609089 6399.038820949198
14, 41.88287377580352 8834.45127259597
15, 775.2776302035677 6811.856125138504
16, 7019.216749090454 9246.649288596316
17, 5274.621343297606 4458.535690385523
