0, 8305.395303540954 3002.9019230138683
1, 2679.1383302405843 9075.57715748902
2, 560.2349780670479 6495.613955168174
3, 2352.6373056864627 9820.025560769034
4, 7836.655494712932 1568.7259814183058
5, 23.161597634472933 8576.17864195172
6, 4216.966486158374 1253.293710320108
7, 6543.421136763191 7689.660015367534
8, 152.37011525679824 3707.2884285502073
9, 4371.772869288685 4243.912918747851
10, 4117.566432195156 2990.7820887935704
11, 9167.743609063604 8526.835250747981
12, 5716.083228372151 1576.6977680012853
13, 2314.3073392853066 137.67029659560632
14, 4481.087378417997 1298.1315600194832
15, 3983.608615630602 5314.873586677989
16, 8183.745184665151 6571.75592027474
17, 5854.134096743443 3638.477563752755
18, 7423.734064502449 4405.776758526063
