0, 8733.251416979087 5423.050814677797
1, 9370.781990186524 7517.023933337828
2, 7538.389550179888 6401.216823642251
3, 6594.4547877200075 2973.9523883422303
4, 1685.5380347774417 6477.999363676638
5, 4965.3588622726265 4934.242939268623
6, 3560.451788349018 2945.9199647023793
7, 599.6498825218947 2190.0328541002573
8, 222.66802015843626 4775.685723203815
9, 6192.615313638857 5452.830245990309
10, 546.4640796011412 6933.5700911611075
11, 6728.033416497227 245.3677576124287
12, 5258.751637407823 7727.184996281099
13, 5105.684964031797 8130.908398223687
14, 6053.42369876725 1203.5056199522708
15, 8012.234438777846 4511.688451209112
16, 3911.9276739837424 7091.986644794438
17, 2367.39353573907 3603.9322037619013
18, 7095.301491076448 767.2127856032498
19, 4227.2908203380375 1228.6153025478075
