0, 4740.440500698976 5618.738212105517
1, 7997.709772785052 1905.6944075885979
2, 2142.465635019403 4309.208579673629
3, 7318.467035700164 1639.1611574315061
4, 866.5629094053633 1811.2547517590995
5, 7197.6303037453645 2125.117085591162
6, 4927.391294524041 1335.975605328082
7, 9541.36941991843 1628.4762533681596
8, 5537.383291575028 8053.123079312776
9, 571.3708368282839 2149.1329704339196
10, 8738.984799413784 7559.411462546027
11, 8269.492492924728 4402.429604057963
12, 1107.775334775427 6008.578175075569
13, 1074.6142035894236 1230.9898197950438
14, 5758.906818252119 322.2677331722411
15, 1111.2949871285482 815.4409206576802
16, 7747.476542928084 7042.312783020566
17, 3399.4296406716135 300.79753768052973
18, 4273.174165853431 7538.377658341233
19, 5865.862734152332 5719.453587413638
20, 3802.0884904167915 2866.5828801567272
