0, 3501.8826181854706 389.23288086676877
1, 3727.9330972653747 2202.4667624453837
2, 1458.7024913622884 227.66675838223944
3, 3823.8753732324662 5061.916926094478
4, 7777.768782762884 7799.832269982968
5, 1381.484698674329 14.757074927786267
6, 978.6548886094255 1693.3145025237516
7, 1101.1271467064078 6352.419633785714
8, 7341.947093750027 8032.553057288213
9, 5155.230122072717 392.3709286165908
10, 3935.7882726961097 8039.542354180272
11, 6488.002423204936 4829.4788367476285
12, 5326.070528062032 9540.114005147341
13, 2889.5030114094743 3704.2338221062037
14, 958.371921591985 7896.748159185894
15, 2374.5076320390826 372.33464028920764
16, 1325.3838072881379 224.9719776144152
17, 1328.359913745473 2809.129850785113
18, 2455.789182697131 7644.487162212399
19, 1522.1838637476924 6684.873683180341
20, 3998.248894115504 6821.181459893915
21, 2070.545457707265 7175.2246332154855
