0, 6411.263461274564 3284.0959195116952
1, 2973.2010489958716 720.8690636903999
2, 954.1213288290945 3386.5762057756165
3, 4741.31163884288 2258.690688686708
4, 127.00173087885891 7755.562530746128
5, 7838.990180620954 5748.660194365815
6, 9748.561157226772 6994.257801127248
7, 2411.558054244711 788.7432346266543
8, 4914.492281316426 1205.7975256100888
9, 4373.424998397424 1062.4652688153756
10, 794.9564455504056 556.9621516798608
11, 6645.870812710347 3421.6818705387427
12, 1947.8876451557346 3919.4856638825577
13, 926.1306349485222 3717.659304854889
14, 1164.5911447381893 4422.388688125019
15, 985.180787128289 1874.9586090161765
16, 3746.293143480153 6879.879381363747
17, 4098.455501271175 7494.290979063958
18, 713.3504974710316 7644.872014397176
19, 5452.457999110169 5556.494926577551
20, 4307.4832480843625 4316.086600626565
21, 2585.9737577837705 3924.025694911565
22, 7949.180867825604 5331.726031745714
