0, 1807.2664905803592 4627.5407741514855
1, 3833.5018029647404 3027.0606011891687
2, 2874.670286223509 7537.442530721426
3, 7330.202115670987 932.4019771082734
4, 5074.282462990994 8690.731206637665
5, 9013.81298468007 8693.551604005126
6, 7568.982205507746 2477.06268695676
7, 5386.82758332169 3194.367306194581
8, 4996.369800861169 9360.612296281151
9, 2671.7783110901037 7786.474688882735
10, 4069.0114995165895 422.3531981924573
11, 5397.618121414806 2523.472193301817
12, 6606.071945213061 390.3683214193705
13, 2155.2846947945445 4651.134262187472
14, 4980.48295614403 6577.89254572132
15, 1585.852909087374 4189.716044063261
16, 3172.164702454383 8261.568848159852
17, 5730.218128948739 2394.1003901788094
18, 269.4047909452196 767.979597753417
19, 5376.798407955062 3480.5432875700353
20, 3226.850256205639 6407.516006195033
21, 2875.6450648541545 1499.5228582926168
22, 5616.997280080291 5521.653574994311
23, 3480.2116207914123 8603.597477116527
