0, 7818.319692406701 883.6697556474953
1, 1794.9206505956656 7107.425922232395
2, 5490.012980851465 1117.3032035335038
3, 6513.412945169558 958.2600770068036
4, 1612.4523887444539 1880.6525684703342
5, 1009.873190132051 3012.9776050060236
6, 8010.647440448343 247.75333177910036
7, 1818.276003389091 3028.467280995425
8, 2866.4184456660814 7688.459833390784
9, 3952.3467932404405 1750.0732068592054
10, 3561.3314397600866 3230.8293442152103
11, 256.47255922121803 3762.5233437015113
12, 8161.614405833218 9457.601111530563
13, 2957.09717423426 8504.562658767449
14, 7795.817787272579 8251.994200745272
15, 2391.52748396455 6094.433806149824
16, 2268.111309063309 4349.1051553246725
17, 2953.330941042542 859.5237080737257
18, 5634.144194012493 3772.824692967058
19, 3113.9570896665855 2159.693690546281
20, 1693.405197542305 4012.7566068583897
21, 7230.199447058949 5155.835523752559
22, 2063.580443416407 8664.341624931938
23, 1677.6141381317027 4254.064998075387
24, 4290.45110915146 7549.114001479008
