0, 190.21528581507195 154.72157319103144
1, 8418.23615548023 5219.826698712223
2, 4430.8038116040825 5431.5887238463265
3, 7280.665974716779 6334.263875668457
4, 4975.273369414937 1419.1398942710664
5, 2627.6698941334375 6989.921389623815
6, 1429.3619643780721 1946.499725008662
7, 6277.506503416428 6129.200040681402
8, 8616.92775560067 1542.7274127266492
9, 5940.058922001041 3738.237226628
10, 946.5230956168348 5491.022942344526
11, 3088.0250566725886 3898.570098146863
12, 410.6524781443184 1834.3020572110772
13, 178.48039747650574 9425.26527146771
14, 4384.596659680455 9105.402582161283
15, 2357.4784671240927 4778.508468278948
16, 4230.478478617069 6663.4949172721
17, 6049.384499458405 6238.14930102269
18, 3477.9047301047704 2799.6603436463606
19, 2746.830254967169 1033.2274180421791
20, 5047.723246279467 2180.6351240725294
21, 4495.8411038877875 558.3675975438359
22, 8262.93536854242 1855.1075243007162
23, 223.25265993395334 2848.30972680139
24, 3777.5945707616916 2111.273265727813
25, 3780.505220961958 457.81821552194344
