0, 1682.7721929697175 2200.0227689875587
1, 8428.614734443137 1233.2088252624267
2, 4275.030252769911 7946.682803192641
3, 3370.285950306306 465.6985613401081
4, 4367.853598682518 3335.849754526736
5, 394.5236528897176 1666.5340569750992
6, 7149.86158517774 53.7851490624356
7, 5659.767252335656 7262.879531949852
8, 3049.5429156390487 1098.4564760684777
9, 7700.297706594593 5927.251495416069
10, 8335.971253249405 3754.266480512705
11, 4250.58220341182 3836.567576018827
12, 7812.427439799955 1078.8897718425
13, 8398.719696109663 6533.286222557579
14, 3453.1692938626825 9133.853177260342
15, 4916.9482581373395 1688.8678884660274
16, 6555.854242999633 3251.88570800943
17, 1234.0721180202725 1386.840117341532
18, 5685.558275757254 3214.630351935622
19, 7055.555138374358 9651.247296396212
20, 686.2599323585331 2232.090119019377
21, 2983.4433300685155 2130.6895541312497
22, 8109.804760579515 7833.01328770519
23, 3685.0555605169916 8378.23034172624
24, 2554.3036302133382 1811.8980155369234
25, 4297.537707483157 2504.661974912914
26, 5654.410981361278 6887.156125017869
