0, 7094.70232062067 6347.861423579007
1, 4737.076543870553 8685.337749426386
2, 6053.433115421715 6830.69334188567
3, 1050.6163056661098 2372.8008576333027
4, 2151.337016635466 4234.266980699101
5, 8297.703509960244 8737.96512421318
6, 1859.8041107047407 8955.455674151157
7, 3603.735028540911 1851.7423400638233
8, 7173.473051130453 7844.344896850483
9, 7854.150054461383 857.8003701555865
10, 7332.882567556461 5102.978002222053
11, 8975.664554580448 310.81064926967434
12, 6423.01826837721 662.2496064533078
13, 968.7176996919311 3854.670102041262
14, 8189.167295764985 4702.661390614057
15, 43.48366498214771 8196.339436499033
16, 105.30138186658581 7702.154851225421
17, 5869.390560879785 1148.9739435364024
18, 4141.3204260765215 7951.086055038765
19, 1739.2170121419151 8023.715386647282
20, 628.4088441506598 2771.8976357764136
21, 5825.662278403928 4579.9457029301275
22, 1776.74086886208 4628.766422480226
23, 4098.535134779574 782.3488397900343
24, 1400.859484528271 5631.234737247191
25, 9144.034757049236 3838.4899536755056
26, 4495.371439056272 1549.896154356419
27, 2791.825214948839 9128.170519150755
