0, 9477.148489154308 13.065516810655323
1, 492.84054229978744 3139.2389312467935
2, 4515.389197246527 2431.809093352515
3, 749.8817920687316 1003.9583359243552
4, 5896.6647769297515 7766.743072139488
5, 8651.369414813227 7900.923223414785
6, 1677.5927368923797 4987.77458538923
7, 3570.652747848278 38.64260494762744
8, 4498.576360395823 2249.6758264659284
9, 1194.9953876128786 2002.6916125766707
10, 397.4222902554836 8511.748725093947
11, 101.59108410799124 3167.702730199519
12, 3271.4366549958786 2412.3066899871747
13, 7183.004231459441 3685.090451959044
14, 2448.94937491747 2678.3855295623866
15, 4773.952387505191 4087.351826583806
16, 5667.6225740425425 2882.467684650617
17, 8225.282591514708 3121.1762262580505
18, 1237.1793974134873 7539.310209348198
19, 1571.2456550380496 150.43885806030534
20, 2242.4067135636787 9278.129004743774
21, 1094.9399769802528 2700.552444703597
22, 5357.284566299712 309.8541622777101
23, 514.8979635337415 5050.3107555959305
24, 7170.30329435335 791.6373376162632
25, 2571.403833968029 7576.137031259192
26, 781.6822884527328 2210.7612527844285
27, 5580.545797731762 1050.7034648816464
28, 1778.8969203242905 1907.4324197287542
