0, 7486.600508584563 6206.259610709423
1, 365.5609253617748 7770.419701737659
2, 6409.855622268229 6833.362175482796
3, 3903.8968869864916 130.94923333195896
4, 1193.6028946990334 6976.975852752586
5, 2081.076781507814 2322.1390259567575
6, 6390.615284390002 3768.219241713174
7, 2575.8722349370664 4769.043976802591
8, 433.8962635130833 6734.659641380458
9, 5731.014601749695 378.1150763940355
10, 8653.930983862727 3050.093737503367
11, 6303.274271148235 4596.867994357917
12, 4162.557354839708 6004.426574733502
13, 2321.462814869253 3935.237228730177
14, 2483.1626753997866 7700.179403156628
15, 4665.006058454952 4826.895713502363
16, 2245.184585294329 2097.022368301736
17, 7693.216973568286 2537.367721747934
18, 8113.004420503583 6064.429768714789
19, 4159.482600118578 7126.649375651394
20, 7876.387432246251 1649.2498077804144
21, 5035.702155429419 4530.932882657468
22, 5915.773823735625 2682.373795925158
23, 8486.201357552278 6651.002139194709
24, 8842.352840114936 3196.7206480137197
25, 5043.295380398192 3526.416570600407
26, 5530.600301122597 4242.605745802972
27, 3572.3068207655256 5959.25816053067
28, 7248.040725915573 4025.555641194638
29, 2856.596099491453 4220.522000431115
